525.86316678
358.248708045
195.169528469
89.1179757013
34.6679560847
4.13074765848
2.03917436083
0.0149602351478
0.0100979394899
0.00795570467764
0.00669684864676
526.359942207
361.626462951
207.814922288
110.541144413
46.336259386
17.3668080886
9.65516728985
4.32579095991
0.302671500111
0.00708331768507
0.00541115923165
0.00431448168447
0.00361062315157
0.0030391331831
0.00262219114768
0.0023114008627
0.00206552188423
0.00186915042614
0.00170754913339
0.00157292271679
0.00145897926493
0.00136125149706
0.0012764780954
0.00120222129783
0.00113662162428
0.00107823551135
0.00102592485358
0.000978780041913
0.00093606520071
0.000897178485
0.00086162281067
0.000828983948792
0.000798913906383
0.000771118160677
0.000745345741769
0.00072138144774
0.000699039675038
0.000678159485679
0.000658600630927
0.000640240321578
0.000622970586038
0.00060669609489
0.00059133235848
0.000576804224871
0.000563044621269
0.000549993494024
0.000537596911556
0.000525806301661
0.000514577800274
0.000503871693105
520.182364021
387.050968842
231.298744978
91.4137519982
33.0346938055
6.8687415598
4.0229664018
0.00977250752531
0.0070325514768
0.00535718182358
0.00442428716551
0.00379075355659
0.00332812363989
0.00295141011597
0.00263069566925
0.00235489778072
0.00213487959878
0.00194999161342
0.00179510501651
0.00166405723305
0.0015517014318
0.00145427808511
0.00136897599372
0.00129365034313
0.0012266358621
0.00116661960514
0.00111255225574
0.00106358498053
0.00101902363086
0.000978294968965
0.000940921385865
0.000906501717457
0.000874696507267
0.000845216556779
0.000817813937509
0.000792274868019
0.000768414019037
0.000746069923095
0.000725101246324
0.000705383739036
0.000686807725004
0.000669276021477
0.000652702206036
0.000637009164563
0.000622127868476
0.000607996340046
0.000594558772843
0.000581764780815
0.000569568754563
0.000557929307336
519.379810512
368.683691118
170.245340073
59.8969412569
20.2757802544
6.81761435746
1.006981167
0.0132538735914
0.00896483086368
0.00687023501288
0.00557695124097
0.00471492285236
0.00405028309581
0.00354785412645
0.00313538684874
0.00278936619999
0.00250639244741
0.00227661352135
0.00208612332073
0.00192662312979
0.00179105877026
0.00167437385574
0.0015728477658
0.00148368091529
0.00140472574007
0.00133430690589
0.00127109798674
0.00121403492742
0.00116225408246
0.00111504704788
0.00107182719994
0.00103210454385
0.000995466557749
0.000961563426897
0.000930096535977
0.000900809409783
0.000873480514672
0.000847917489183
0.000823952483044
0.000801438363572
0.00078024560662
0.000760259731994
0.000741379175137
0.000723513510796
0.000706581962487
0.00069051214547
0.000675239001582
0.000660703892571
0.000646853825062
0.00063364078534
67.7656842667
75.6200476017
85.2853222426
120.562146306
179.210096638
154.587249157
271.535511584
290.105457059
234.461518604
252.024604289
209.402059083
401.579048196
239.956342964
230.302320384
270.351219286
257.406886597
279.061771343
274.097234334
276.87302167
353.339815417
316.939715519
409.683161954
395.738398296
272.77671617
311.520820885
343.45658354
360.117800528
251.427695764
464.111724942
331.52300269
410.107921813
397.870924452
377.220671309
351.588438429
361.692348136
476.423442995
509.614301826
487.667145108
491.186054501
549.912626579
479.425571142
551.234421638
411.323429479
356.346316732
396.110721458
428.712341167
436.372110742
439.193583545
307.862368822
345.511530252
68.0889229238
75.5704496869
83.7717896547
111.994433198
191.230159481
237.426261849
255.679478929
252.141809509
269.648487966
242.242883258
246.527984919
260.294528057
277.676043417
278.960254937
242.466598763
435.309391165
485.250165797
314.118458339
415.352481155
421.304809297
404.037792238
319.527020224
326.952194159
471.746721123
293.43258693
263.305237828
320.754136487
306.01543273
330.332020005
172.498863473
255.680352182
653.116918881
626.254567229
610.82477326
589.929200576
684.441595067
609.949523091
588.296599313
592.174101838
589.946631053
600.247686597
569.626053182
580.081040311
566.784982589
562.655565387
555.165767546
541.502666744
552.168307428
565.811462412
557.035250966
550.212869689
539.363764507
558.877399055
553.828617268
524.430360773
545.396261324
538.902281875
561.109486785
541.40638118
566.110754242
551.065843133
551.818598477
525.607016179
543.662002378
525.409087018
533.155454613
529.330793852
547.711348496
538.308069977
520.980456919
530.833493658
525.787446833
541.617751757
536.124819751
559.288301236
543.27572669
533.674820986
532.882605743
514.565579398
515.995633503
533.659779777
657.403768548
627.080678859
619.811103091
630.431778614
628.237254264
607.753047113
610.401369005
597.202572621
582.144910562
572.750051571
589.199876546
575.75302499
572.022924062
566.789255581
565.076915459
531.515897836
569.066371239
558.709297953
547.46779103
557.274510525
563.327754238
564.202833572
554.560610582
539.994780259
561.359088947
533.453226761
533.366161737
539.152688899
528.663410475
550.274041741
538.979441305
518.342397321
526.327649142
536.261167176
523.939713288
522.077389943
511.491120783
525.864544262
536.622582686
548.652517801
530.778716869
514.623710797
512.060968517
524.926718798
511.849137859
529.487734243
535.971226212
518.200197697
532.196329189
511.151266088
525.403520834
529.72374667
516.571919817
525.15165498
512.522397516
512.628862578
544.682040035
535.191765003
525.911529464
520.234839377
510.05598612
517.887973004
508.119232239
513.61347467
513.602244219
502.589628256
538.449741501
513.463148555
500.584189143
506.180127778
538.888508229
498.14359755
502.118838651
497.512355772
495.7720652
501.030516025
497.401134953
506.128396327
508.666661098
497.149624536
488.633274331
503.976371915
506.213304204
502.964876746
496.851937684
502.666088203
517.696918181
521.812501569
495.13150489
502.616091718
514.069785301
482.815727933
484.609302421
487.463504623
496.732961924
506.846540885
487.449695219
489.843816141
512.521386581
494.442675968
490.761777055
511.243485372
493.38588893
513.237280636
486.567762041
477.035462778
470.782608099
466.922937352
459.407336494
522.755233002
489.326828656
476.033983238
479.798241142
481.15902016
486.217055749
472.562053322
480.676662262
471.514878213
487.499402234
477.567926281
469.942390333
474.172144082
479.604516827
471.394490911
469.810021358
486.512076373
483.309077827
484.513428068
478.542444696
471.548890128
472.622883931
475.689014738
481.656906181
480.224689826
493.306634563
472.885906041
472.466926545
481.0095543
469.942661849
491.544140633
481.303769556
482.271661451
483.434034842
485.241840845
471.201206916
478.498434008
467.054583165
463.258061151
481.870237335
485.851137119
478.933202536
477.975732304
476.66369295
503.306915828
475.857395604
491.367857594
472.683267621
469.117780346
473.284133393
491.289364806
458.582250204
471.296155448
484.772324995
462.575378698
477.315494246
481.660266028
482.308261004
459.333616235
481.502302215
483.82736829
476.479313147
462.019665156
472.688021297
474.607007638
479.760060206
473.521945291
476.091734423
491.494586878
485.19531812
463.95662401
463.598011867
471.99837853
462.290763425
468.691492678
461.840635075
468.240059373
452.054372136
503.158270401
476.065948696
486.550593282
471.479046735
467.239509843
470.416191778
465.971807001
471.465808054
487.960094428
474.81130628
463.61215646
477.01196569
485.559249804
464.306478447
461.227877445
478.972157629
460.734569616
458.053039706
450.594286137
484.059983978
469.036595921
473.455313914
461.933544046
462.898450076
447.450350551
460.816087007
460.666305628
458.874634157
458.146164356
454.466863298
467.442299846
458.60332556
475.797731105
459.099530737
488.547962609
472.228931956
468.673075447
475.770287893
460.8444095
467.881176591
463.990114809
457.497559017
454.448302366
467.843311015
452.075192905
457.788442996
441.816225974
449.287387724
443.160128107
439.463389677
481.62971726
447.670965593
453.879636035
449.187914776
451.80592567
457.468244957
459.583292273
450.908772033
459.961789116
446.258269983
450.314015179
445.66147967
443.54489552
452.98822887
463.090109217
456.924988694
457.228075563
449.609098472
449.942764361
453.439578944
450.839727457
442.120909425
471.218895983
448.564876111
443.842473151
453.638376876
461.208231443
465.960646622
463.862490173
451.23150841
436.176162287
462.949159881
441.917443579
445.960550987
439.777038719
453.858624029
447.044673353
465.22419876
461.639756326
442.471776053
426.168596942
448.05128573
451.443515993
460.468282219
456.601755691
445.974231592
447.71074697
442.786600322
447.196511481
455.818445544
456.459743482
453.840378739
440.150940605
442.800157711
444.933264271
467.776647342
449.588698402
455.144285626
438.573508245
440.402382046
448.192158756
443.633927887
456.41109002
468.900724458
443.956411841
448.83624491
449.473747393
458.184117793
467.502502439
458.755148929
451.792931785
444.840781264
445.574116186
449.687254666
447.90452768
447.497612641
436.896554714
458.563054944
445.708932174
429.024421175
443.48490287
434.760303916
454.118783025
471.323112869
444.791090454
471.81364784
455.940468591
440.562544186
444.291221163
473.944980004
473.037690561
441.833464696
449.80238063
442.223784122
450.263586649
440.942999435
445.938386275
435.75071499
453.688462809
444.15099256
447.681554483
447.49941021
449.529380323
476.84695686
444.794450286
457.174643366
471.452549703
460.033296058
445.042545514
441.626515052
448.04514765
454.980575229
444.278163417
448.567803082
437.658496939
456.819909282
458.908684032
442.36384749
446.244424164
466.30217034
450.800128317
461.760773701
436.284603437
441.203953696
439.383533693
428.194860725
450.039222297
450.42390909
447.458887199
438.804929366
454.226420625
438.927414018
444.491530665
427.592202335
436.295572297
438.554710336
445.907986663
443.70391274
442.344431867
433.153993584
430.514093505
429.901058162
449.050512296
429.144976874
449.693974432
434.000665615
455.592763038
431.115639395
451.435082774
432.09636206
446.120482603
427.633946126
436.391597094
434.296224091
440.92654627
431.93502704
437.471588057
424.509425954
441.535336374
429.818602422
434.120167312
444.061931877
429.071104465
433.691117114
431.53205046
424.806971139
432.168630618
425.083022034
427.156441891
432.226634723
446.403664735
446.717643253
465.915203054
443.205132553
427.235652899
451.975913262
433.720754977
443.286085236
430.844192854
421.342813464
440.743214098
426.529155197
448.976482976
430.288580819
433.64423375
436.309722449
435.14939539
436.19452717
435.405276483
429.422280895
440.406690676
430.338410912
428.21197642
424.860983463
427.445845729
446.600928861
427.954381259
430.924319781
421.839689114
443.810834504
431.047391134
435.299183851
458.68558249
444.007260254
438.195195622
441.881249973
436.593257262
444.422825448
430.66355741
426.386496959
434.40708701
454.820944431
440.8416973
459.219421134
432.466118266
450.003530664
439.140135882
447.582009701
464.790109835
445.827194667
424.21680867
427.204369816
440.471316101
445.112318435
441.384025111
429.821106785
430.470857315
432.921836008
414.647149826
438.708272924
442.411817901
439.260145523
433.477576452
439.429508639
442.377578737
426.514347935
451.54531263
433.347430226
432.098890407
444.268653214
436.739791351
425.559802528
444.237288161
443.360442315
448.850016432
449.643041487
448.78187658
449.622881046
430.684165706
444.338794177
472.946371211
445.507467326
420.970507227
420.061531057
447.246136706
432.267786122
411.864126285
417.737144576
426.253249819
443.379046387
432.153047293
433.606751179
436.290044969
651.501163879
623.20838251
606.744102893
605.711257865
598.872140015
613.382631139
603.227452307
589.938915368
588.890970324
592.214501616
570.008964157
569.868144898
580.409911977
564.526224249
572.8981143
555.226907489
559.685370513
565.683844212
545.089881546
570.253537113
546.438666215
562.476034293
561.747172658
575.082293304
566.516852189
562.886317714
543.222650462
542.812154842
538.075087526
544.818282902
534.925083563
530.519310799
540.115054602
536.012211663
546.246224173
529.714573892
544.862961862
553.530098611
523.649935567
547.022349041
540.505942652
534.339051409
542.34574184
517.987034507
524.872468065
537.129066417
544.966578824
526.403878076
512.100258957
515.257293986
529.298761699
532.184783767
521.570435316
493.157193154
524.458897428
519.369876743
517.39233818
502.273260929
514.552486254
511.597699858
517.857765892
522.419032285
516.055415076
506.181276913
514.979828745
511.559989366
501.616725672
511.801226358
529.36003149
538.530615144
507.905571958
504.65204473
526.242520227
500.049049813
518.522051848
520.657728873
521.528510665
510.386662836
501.865264289
518.269756079
507.005179548
507.550387458
522.113836199
516.984195815
513.394146191
503.782030485
507.586329686
532.37794568
488.970564041
505.130080303
508.293261555
508.233939714
523.764680886
520.699835704
516.143140596
524.164331529
507.306455728
511.982367108
505.396897726
511.015199372
504.70502305
513.027185507
504.350338783
498.53044047
500.6008916
501.326352185
499.584715169
505.297459518
487.218364627
489.482205354
506.695426631
508.325766422
499.903606545
489.013846504
495.469499404
496.055836688
502.034209221
494.870279291
519.46398253
511.612265732
490.491893723
490.865146092
495.806380665
483.070360839
502.636843768
498.520965879
503.762586587
514.027952683
490.359071903
506.456983053
496.881415015
485.446528802
490.252796916
488.451222732
493.991798296
508.378224453
487.368003906
501.538430289
490.337608187
507.645308823
492.506873452
503.618048169
488.637228241
498.685687753
494.727957225
484.322085812
485.007347414
499.369878716
482.433055351
504.579158707
495.203519643
507.026859095
494.562303443
486.549866028
478.973130374
490.522185882
485.067755324
500.499441881
506.565521039
484.91683651
467.250741617
487.826775703
481.429066869
487.421688926
471.440827965
484.521803205
481.916748523
460.369141577
471.057640496
481.951298408
462.431571575
486.019909233
477.792899162
474.433613358
474.334883452
463.507549852
465.290141418
467.105696196
480.727402109
473.116650659
479.06974033
479.787543894
467.862996623
460.950735426
476.025854771
469.057619458
463.926395891
468.644493268
469.239293655
468.548735568
461.344428325
449.383074642
484.694879867
469.587162328
491.793457277
484.7407465
468.38143097
479.662549467
477.758052436
464.672609632
467.857955588
474.990763492
481.225665612
484.08391836
464.89437177
444.800235568
455.565588577
485.600522962
456.22686482
445.281034421
469.030008169
465.302555351
464.402990999
481.811576868
469.013745365
466.383796838
473.962334699
460.553778427
458.341028601
481.466254122
472.338330141
463.31864932
460.121022817
468.432948561
460.554742789
468.464737595
456.612409207
467.071527399
470.224777857
474.412793459
459.790067642
459.475405579
473.908260466
454.721802882
458.344712719
463.037622959
452.578258979
448.067536729
463.074273551
449.702650486
461.138782348
455.428380593
461.279936709
458.899719189
452.233834939
454.069138306
471.00567725
456.582132263
465.594905613
485.958720565
471.101476696
451.923167189
450.245776299
455.226689701
442.002493146
459.131654676
441.087928656
441.51405202
477.261605535
457.173126679
457.672728624
474.172266061
473.582916418
484.729841415
446.034944854
467.155245596
475.969264408
472.19973032
463.522926306
451.166123241
470.000137224
454.539210946
451.169302156
451.978801677
451.691396448
468.049709289
458.480939537
455.561016509
450.25632587
461.871107383
455.691777091
464.442862574
473.715071203
452.608556268
453.39648906
456.520763269
456.175614221
451.801008346
450.911446917
456.83429851
454.843064557
441.954559724
468.228475729
455.687670255
456.993284453
464.595550897
440.782843986
438.543150923
452.798479216
443.715475768
461.813984728
469.007105332
445.092932058
444.931516074
445.575359738
436.782008366
444.78712589
446.14428545
438.709073887
450.583022447
450.259948351
451.032658814
438.504885488
438.582407385
438.55093487
451.769704545
447.68599504
463.882707778
443.622781016
432.820106844
445.923607272
449.302228489
438.081059087
443.435757955
459.837695469
437.712715882
439.87516038
438.806750242
460.628573147
435.106141157
444.701198419
433.907681723
437.808496782
440.310023527
439.611994475
441.678896317
452.059785952
444.654292394
434.174151826
442.57832074
443.51900035
432.890463649
444.804927126
445.545433459
433.741178177
447.283162969
431.408550062
439.741389529
443.355560021
435.300387497
439.899048587
431.696432169
422.151014694
444.186331354
451.835155762
441.326267436
447.44042552
433.569092218
447.48487544
449.717273418
435.885756042
428.831324882
434.362851909
458.476798937
470.854860546
436.212190794
445.912262519
428.431557939
427.473211397
439.135415389
443.152893584
440.429246553
441.080398781
447.753955381
455.358044985
440.666384525
417.167709511
433.637864087
426.475936063
431.466028276
430.91397148
439.358425555
429.537992486
440.218044093
445.102460148
444.987850571
430.436890807
444.09803116
448.370742731
438.093451494
445.87439584
445.653410784
437.956602236
429.851950545
440.384694279
440.060827284
424.129162046
486.455921321
431.324336922
430.211798541
444.684385947
449.335205807
432.417099691
439.689049785
426.826041907
454.937375661
442.078080947
440.857603349
445.45789614
448.203962699
430.653101113
439.926343834
443.838917868
456.235906696
438.32896596
435.496851447
429.303148798
427.652320777
441.994803318
442.336169481
459.313164854
454.902357929
435.46100825
440.48924144
446.92235608
469.782647594
440.268531852
438.229230483
443.276671692
459.309608285
430.310216046
434.063897629
436.226638218
435.147910418
437.511865017
419.482474963
442.006953666
425.661731742
424.312051787
431.020826533
444.048113414
435.102527528
440.187025168
425.011622504
465.817146607
442.061235147
443.810212448
475.837726505
434.805844058
480.47507689
482.8777168
460.868315643
445.39362833
491.069275475
454.877415227
453.144862045
451.610937929
451.34249574
461.351444051
445.865403599
454.314173319
452.971708267
446.356398705
452.014351318
435.585243964
465.16799332
457.97583515
461.369147773
449.355981683
455.659340187
462.720235994
451.714222958
439.191332192
443.554100755
440.092808308
441.156027325
437.175894073
456.264060112
440.903927679
456.661541199
442.657094395
453.896662854
442.771771811
448.418213052
441.769914848
461.387857808
446.31542403
439.730648772
436.612667837
443.168724398
447.89381432
427.33886435
447.932869799
448.257459815
446.380350088
435.05187561
443.920696063
444.654104458
434.715437847
459.475271776
611.852974431
560.436391823
538.607922424
533.057295223
522.99575931
511.372313137
513.47377406
508.017213209
504.20721646
498.394363443
496.865214015
487.464792051
497.141103539
476.558477233
472.447115279
473.420991648
471.523934182
465.456305309
463.232000348
455.53864494
462.904802064
454.937221771
458.95519701
454.665393566
450.385509752
443.38145987
461.738931228
438.959497485
447.696088878
445.076569911
451.478074767
446.009698173
443.730032392
437.668299504
433.202486908
436.580499985
441.751766519
444.688912629
442.802176208
438.784925986
433.169489337
435.05244549
434.14353519
440.585488765
429.479485508
433.60884629
436.354412417
432.439547727
433.353182496
428.728970551
425.782369083
439.065361661
425.187655933
424.183421083
431.555032425
422.611624286
418.182967829
424.325643583
422.265250803
420.784787515
420.169221702
419.069587789
417.887603455
424.197596247
419.242643475
413.989967416
410.113199187
412.07422112
406.611918871
411.271633486
419.321164897
414.96797661
408.7450188
412.010286004
412.488349956
415.23893697
414.24732871
414.221748331
402.622789494
412.44736946
406.946247899
410.429757963
405.659946608
402.182731109
409.310140605
403.014759889
407.958029414
405.928202925
393.458255144
410.488048835
402.053315934
407.138161351
409.766152393
399.884836447
400.351873662
399.955698703
412.937478589
404.400141132
396.964370475
393.613302678
398.001276406
401.142250031
401.448259295
390.544446338
395.021215764
391.343868162
401.44938941
410.302302822
388.573510175
401.412223773
396.981918577
400.294934021
397.385593866
392.138064243
387.011557083
388.824926899
395.667778765
386.84296484
395.089896462
387.728629782
394.95681335
397.389285022
394.67491556
392.877124799
382.83514814
387.123781785
394.021164378
392.420433552
388.783373225
387.857295587
384.794488448
383.2062227
392.831674618
401.436277091
379.807069418
380.616825194
397.549289548
386.809337413
387.139820858
389.328678436
381.843398783
381.129277269
386.757477263
380.123953029
374.683145339
376.682370975
379.304353763
372.35885593
378.669256007
381.888873946
374.371236641
388.610929215
380.353010309
380.270882572
379.264366471
386.244578136
375.1733096
374.987013778
381.078722266
381.222640436
378.834839374
374.896642167
381.241522902
377.451146147
376.749457348
385.892711665
366.80916939
378.947198698
373.942312431
375.772521135
378.756852225
378.336868967
382.083741835
377.148286041
364.777092049
381.481614121
391.347182129
390.03100227
375.328435958
366.156262542
368.875468832
372.82420719
372.837114727
369.494152878
367.372020366
371.65821959
373.800527145
371.183234646
371.248527591
369.334220525
361.481336613
365.534661079
364.930982636
368.646475388
366.46159102
365.874282077
370.674641597
377.069548351
363.187592069
368.555678782
369.224266605
354.258119989
369.985279138
371.886499453
362.271261505
368.742288236
357.316563238
370.66151219
365.370785927
359.624156957
365.343098066
365.64277082
354.095331181
364.232321287
367.765083437
366.785792157
359.855107011
361.558713629
357.377449584
362.513830039
364.078953896
357.870783688
373.280205816
369.872232742
367.693650924
371.291614989
354.630601778
365.252860626
356.602310237
363.739919322
375.006385124
354.176553004
362.667725689
357.349216714
360.361588643
369.605550061
349.010350981
359.011956885
359.30128445
351.87181
365.436736932
364.482013298
360.592818908
354.372309372
362.378851399
354.972518007
362.353832339
356.228064493
351.233389297
356.965677607
360.209652092
375.366077757
355.529153998
359.681408297
348.452011738
354.211337061
368.291726578
361.580765035
361.488003748
364.544251188
360.052527366
362.983512897
363.118192394
360.839431422
353.630953296
353.271255823
348.763514199
352.531033347
347.662360918
354.861547287
365.736694422
365.993271411
356.422060263
360.154129912
374.555484253
356.266284022
353.863175055
356.517833133
362.67730431
355.322659909
354.393113816
350.330131343
354.824624518
357.726422838
359.946239538
353.483468911
349.588239849
354.985445278
351.720554006
353.510512747
358.328063211
355.881149371
356.671962384
350.635191537
345.88713888
353.795346235
344.775931087
369.571986701
357.09048212
348.153441792
348.848931218
355.042080806
354.423171678
358.961938839
365.107705555
372.653907972
369.963917104
367.170438672
345.698311475
347.163077373
351.124334116
352.423079366
347.748525526
363.231045495
345.42851224
341.59467019
355.16880147
356.764128908
356.227325593
351.46186633
345.469872079
346.613589777
350.390035511
349.188930183
349.415030506
357.707997905
358.928939175
351.31932531
359.28436475
359.182422948
366.074157993
346.637287518
352.982198312
367.335054846
347.367138379
346.595801458
346.337574377
351.014017132
341.243513199
347.634114781
346.241642577
337.908059959
350.988044909
341.449206466
345.939930127
353.15219189
350.839932835
353.680159778
349.503106852
351.244345273
341.581929826
336.663556565
348.304288376
345.020137449
342.886341899
366.893397803
340.507711105
336.94520113
343.540691693
350.871795615
343.47466653
340.548518976
345.493225371
328.280101118
351.574270848
343.446656113
343.721493089
345.207541931
336.998751185
338.341148284
336.443578899
351.302768185
348.086240894
350.756658003
336.873656064
336.933491757
346.953456621
340.757300769
353.033984022
352.076362031
334.885914719
351.625794027
340.148925133
335.652368203
348.850072382
345.007518427
336.02352689
344.062904018
327.948639762
343.172387996
348.516263787
335.605843716
349.874755887
348.756086768
335.64203703
345.63137668
328.497462637
335.7608139
341.970082179
361.419994669
341.566565594
342.821368636
332.318583299
337.051921094
342.33714012
328.196747845
345.410422044
346.625166676
339.458041226
334.247557038
350.386255017
334.112814283
328.10804884
336.52896241
339.626562494
333.67971345
339.131816536
337.853283056
326.012046952
343.240846979
330.950225295
332.434371574
343.215465207
331.228286618
333.774950653
332.208382459
341.83744965
352.103027576
338.258463144
338.55269404
337.143464417
341.803188538
332.545462201
327.411883693
334.131395841
340.201452911
358.39441428
341.575257206
323.031258331
321.178803213
343.615658898
339.369009265
334.547069735
334.001641216
341.929855954
344.002142738
326.925025127
350.472002267
338.89141211
336.169602898
324.658954279
330.786811787
343.692885368
320.571534459
325.514325024
331.928180525
331.919326533
332.997361817
340.485612101
341.941951086
333.785075136
327.715580655
347.281981045
335.088932157
344.424978299
335.047410625
331.423903966
338.483401812
332.798562118
327.378393463
341.535013112
325.741414012
326.126516527
332.518752393
335.942528746
316.418981932
329.326445375
323.2535232
332.687656232
327.968609838
338.2615916
331.432784935
339.978793524
338.118789181
332.72749367
325.25678123
323.763515322
338.032055141
334.068942839
328.335779124
336.478771062
336.616861114
337.073559725
350.637921235
338.388692153
332.204495743
350.533030166
348.033078006
343.93984524
355.56102597
608.709054701
561.046773746
545.078941385
533.011605939
521.539776714
519.119169186
506.908330939
512.173827958
498.950917507
493.775554742
496.044407807
486.274241661
482.942527906
486.831670219
480.195962015
474.700835225
473.132823655
473.868535191
476.034442357
474.576895435
471.913712677
459.765689344
463.997973221
460.472974318
455.095947998
467.810475075
457.369595316
450.301206766
452.098728624
454.359752365
453.726074121
452.480890116
453.869804638
444.81011748
461.087261463
450.083681887
456.699188101
442.559520215
445.979465575
451.347633538
444.494035627
445.073065814
441.661618053
433.776343667
437.940652925
435.567283673
428.858084175
432.226550357
442.883451348
435.024330587
433.595989922
433.598670505
430.965834666
433.910323572
428.039836316
431.508103456
433.084063002
430.049667532
436.489927889
425.982099034
429.386478228
426.864950229
430.232333005
421.445666455
427.342469424
426.872559858
416.642192166
429.824548588
426.338390397
428.5422252
416.360527897
414.760809536
423.327925132
422.905163236
413.178747278
417.56858959
424.937444866
409.878297078
422.175056242
420.90570528
418.623293394
424.641690168
420.441176528
412.763451344
426.279842429
411.256958264
406.856149361
410.417668797
417.028299091
411.865311897
417.802234815
409.456182718
417.422778746
412.809086596
411.715999185
408.152382718
406.034529318
412.002601131
408.110261268
402.525824919
407.407406484
408.805730957
403.159536259
409.542993992
415.23109786
403.352191015
410.625187706
404.957111033
395.139285569
405.316552101
399.423142174
401.87230975
393.986988048
396.569216736
403.435806618
407.01867877
397.073308817
400.273767731
393.985066979
395.088532245
389.49582844
398.505313717
405.855727891
394.614855245
408.415695117
404.699051134
393.260863675
400.801853868
397.077543557
393.129912888
401.877227427
393.149392711
407.624975938
401.453760271
395.36310429
394.172727542
385.390127778
383.217114673
390.451747611
400.290490049
389.977282285
398.137941915
387.3895222
393.811392936
389.840417852
386.916573918
390.171809179
402.627056249
386.837119382
393.254500546
379.43835673
386.486013197
389.645790858
375.272261409
389.810230897
387.51497165
380.815387884
381.0275167
382.031585224
379.630742203
380.614376298
376.898724795
391.66306306
373.080052508
389.703019169
387.11358232
382.995345969
388.976888287
384.825083126
391.125551889
380.54949302
380.336654115
388.406233989
382.566262953
381.332334091
385.702900407
376.830805253
373.901420714
374.070627805
380.466459726
382.542884172
378.993182226
375.583343292
374.207892814
388.298321309
378.384540579
393.465033172
382.864555002
380.550877118
373.168749619
375.775441172
376.432216889
365.403733754
377.676119863
373.592715876
375.778667414
377.721777387
370.467844735
376.725299433
375.133105289
370.712095245
384.35702683
390.930894661
396.018992308
383.781219396
366.513052449
378.740192153
370.376743062
370.251281077
368.015662834
370.525064298
374.78472435
375.800697455
375.888063348
376.116506337
368.809742308
394.683370575
369.179167375
376.453146139
374.237752754
369.964049556
365.00104661
365.426453348
364.695864009
374.028429956
361.956461354
372.849371121
373.141226828
363.294477705
368.920000025
370.687065327
368.105595888
357.881838624
368.119502874
366.31180656
369.378067483
361.906551423
368.744655625
363.739602968
360.644306815
354.62410742
378.991942061
357.070809229
374.500888644
362.08195506
363.946043182
367.11250046
363.419223519
356.546689879
356.431859375
360.360036766
362.173697932
361.991242794
360.567371172
363.604338392
348.773878603
365.373161664
365.291400411
353.073002327
357.725805862
359.793208442
358.850615019
352.492463687
362.6001523
362.026807086
357.598756464
367.457563862
363.939226684
360.173399187
361.609309467
364.481442376
366.307144609
346.980203741
350.733250642
357.288608159
359.249183254
354.315948367
354.986008574
364.77605282
367.211799525
353.712821101
357.66387837
351.347011122
352.788602975
351.124668293
351.187892477
347.706596553
350.269889678
349.250015536
361.895363428
355.45407069
353.635566665
346.942470075
356.206081499
357.687153602
360.738351742
347.13304269
353.412373702
347.081582593
357.35402405
344.642909298
354.574946701
349.149454313
358.378793123
348.583717441
347.76353802
359.019966865
348.33419575
349.463837177
347.819648726
349.859988304
347.638619259
351.336524224
365.108758919
347.234199878
351.984483552
346.508081767
346.49993206
349.499657218
346.481705798
337.963145023
344.296075489
333.781805523
351.814515126
347.965557326
346.452229536
358.392064866
351.092852168
351.150658055
361.651726518
345.534449675
345.936544319
344.835227787
353.796132106
339.134439086
346.960503789
350.759313978
343.127786128
345.020074546
342.024566918
341.973969424
350.271222237
341.683593564
343.371755121
340.463046482
346.491507405
340.207417527
339.76203698
347.232836313
341.111000972
355.69144262
341.472133282
341.409314764
342.155982136
341.487612352
342.025259575
335.88407746
338.14941536
340.269693914
352.253301175
345.840337382
340.577362564
341.502140937
346.807635436
349.841368729
347.150248974
351.246237187
342.208361892
340.664612763
360.425688637
347.624207574
347.861009912
342.229299498
332.823748686
342.642711432
342.243605558
342.248953474
341.634473628
344.780390061
339.94926417
343.458608784
332.599639654
333.661486929
335.031270875
341.650073427
347.537113588
368.372965006
374.27333174
359.507339859
346.911838674
336.53257019
346.104103557
348.120225879
353.921021326
346.548154121
364.549945277
348.922135728
359.837861908
360.531070625
356.922762529
358.9482934
370.19818026
361.318984928
345.979050426
351.507243413
349.510121575
343.116447437
345.827627132
342.653848091
342.796699726
373.37447674
360.589173853
360.873114289
372.602083316
363.103561176
362.767312805
370.672766991
360.154976301
358.975894094
369.577864115
360.326741794
362.819702932
363.262405028
363.020498171
365.424852077
354.66038347
358.476405495
357.800841459
351.267269347
374.030091785
351.126355492
364.289897942
368.168337466
354.872326469
350.72499731
352.262368963
353.705869706
358.173445321
370.889255169
365.229886842
355.039535749
346.981398552
351.520696551
359.390338352
348.94277224
349.94319117
353.805163089
355.675362853
359.682168626
369.223523282
359.807820405
350.99579378
351.330235362
363.377730887
351.139433232
370.929966304
363.583875064
360.109008538
358.900317142
344.188889768
346.799259965
358.241719178
362.991498842
355.051906086
359.314772338
353.688747017
352.4914301
356.403587099
354.534931766
345.172807426
354.151811303
352.201420391
356.615300156
356.070631901
359.608032261
355.542313816
374.173037059
367.441825844
350.865670602
349.735894014
344.834808132
344.710260963
346.311702977
356.481490959
346.514628464
358.12906221
352.947528502
344.080444026
369.675400156
360.184351603
348.606483534
367.273159123
364.699688106
359.472457905
350.302544085
359.331668002
349.101342298
361.14431926
352.405237687
354.643280641
606.798054596
561.853912568
540.748626225
538.590295656
520.16659231
524.88944769
510.004208602
508.868005776
505.545275412
500.605532176
496.68341771
498.947478491
481.305310954
479.252488646
481.763204971
479.976889738
475.251029293
476.69320538
469.80087147
467.667896688
472.401376363
466.47891826
465.981008153
464.260110791
464.598777998
459.328209089
458.183768271
457.555066385
454.434255819
450.744793058
455.239223093
457.040811051
451.077677662
444.028797243
449.416627531
448.478182913
447.499407507
446.776510552
440.362659331
437.08249117
435.171984832
440.626620993
441.743372157
437.065420206
433.491715387
435.943882785
429.287874312
432.860855951
434.462441298
433.817991475
432.646956269
431.437562301
433.262211869
432.98392367
432.333214079
432.257811109
427.082228472
427.009180291
429.148826477
431.060145043
421.377034341
430.068196369
418.082547174
419.838962719
419.644594464
421.546387616
429.004493223
423.756736556
419.490825725
413.985543486
420.822265853
420.32024274
415.90886267
408.035331922
413.272117522
401.55375624
412.088974095
419.458818858
413.031599943
409.563158938
413.523295607
413.596315283
414.525801307
407.372973546
408.947256925
411.041625764
403.552226934
393.629903743
406.665579331
397.254313438
405.088770963
401.057374316
403.059276959
398.307517658
398.466971589
402.640049554
404.935623557
401.444426991
409.99591681
400.279952784
405.49402445
403.09552614
400.9142886
389.491515345
398.732946301
394.773382445
397.93134678
401.268596438
397.867178448
393.04457591
395.90831746
395.990851739
399.758145252
393.165447828
401.20846296
402.336237413
393.365166144
408.748759617
393.652396074
404.02366214
390.346880804
392.697390569
387.390818436
391.860863311
402.1600127
398.295751045
397.114105611
387.682966239
385.786754573
392.696195749
393.935348016
381.5450615
391.889530666
385.020646356
384.823802898
389.512801842
381.809824849
393.412049047
393.538486342
389.835355005
390.154100688
393.313490142
389.417510992
384.197922269
389.482949232
388.498187599
381.038926085
389.209414095
398.444206504
387.082724121
385.162490583
390.348847701
382.959543547
379.831204537
380.311554541
391.330127284
384.98061665
384.854816385
381.20912499
383.317166831
390.139155614
379.820213506
392.608942034
395.18967374
380.911183258
374.850143385
389.540262581
393.051653896
391.788764077
394.972260565
382.532373521
379.504191179
386.68412498
382.178336387
386.50299473
381.03763847
373.781381374
378.649692662
380.011486025
377.755348923
375.789845857
375.362557077
385.404484417
374.308954701
378.146984658
380.12648523
381.926518042
369.243899436
370.664761029
370.594953733
376.365957735
375.387562884
370.533396486
377.217436738
382.057044085
380.980125281
383.716821657
376.041044265
368.760938144
373.453707751
369.2204208
372.153068079
372.781093098
376.783319274
374.410914588
370.333594162
372.408778566
382.73155737
374.333645376
377.126906569
369.464433402
379.455793827
369.763658533
373.721372824
385.678897092
380.140016358
369.316214314
372.476549482
372.777598273
359.327592099
353.467382718
368.427571628
375.805397918
365.913373216
356.29059805
370.789091722
372.983842293
373.990504003
364.901216979
357.330804842
376.814216635
366.700079993
364.811900545
365.566197612
367.68815578
365.228963707
366.382191701
362.854964848
358.758973378
366.972579093
378.885877177
361.90528568
361.387390048
357.711583023
358.959181492
366.556663565
364.074470365
363.615223896
359.179286003
354.422368044
360.457485334
358.630308661
358.087550507
361.84508037
368.539111767
359.30430007
372.054977512
355.637495224
360.748154255
365.867562954
358.040514358
363.117078612
372.247796984
358.074621321
364.826841377
365.895460882
362.436598176
366.448569824
371.818104593
361.579048209
371.717940672
361.611789897
367.924528729
346.446651297
361.531621877
373.101429278
363.643684182
358.493337045
358.991618383
361.797352626
368.877604626
368.231110054
364.296525824
359.42869142
360.389363766
352.658999045
362.521826407
358.202370823
361.124959974
368.554352088
366.357093622
354.852512586
355.717590299
355.728989225
369.693298473
349.065509504
351.276522467
360.292851852
352.385154561
362.672688145
361.989163486
359.718780097
357.297454479
371.29485563
358.929013343
355.519063292
359.515213252
359.628066702
354.538877368
359.835996017
354.44628353
361.470420368
371.569309197
352.395504992
364.066561366
369.465590622
360.573654602
362.315689197
369.3384509
368.522503774
367.933877035
366.801335228
357.752239825
357.944863135
371.32439603
356.768531549
347.964973049
359.827767957
349.705739264
367.911950157
355.729358075
365.007496749
363.010823546
366.047956704
362.702662656
361.256041566
354.133797366
345.537554302
358.315060927
348.122804462
346.630235675
356.988029315
361.142775241
347.370135134
348.205447794
348.804167238
351.333811681
363.869773178
349.396680806
359.664424885
351.646165882
360.672093524
343.058863681
347.990678699
347.75712846
363.559715664
363.805697768
353.644861621
346.430351032
355.508843564
349.809940974
344.141793135
360.603448307
356.277077338
347.356769145
372.339513641
347.464650546
351.32594555
355.563049433
358.264463043
348.024524648
342.111787833
345.30493227
346.011724389
354.790364375
346.495225339
348.558355673
349.864156664
363.89884311
344.337581624
346.723326582
342.965272359
339.358172393
347.699483873
350.056263525
347.06249561
345.261761895
345.433563211
352.070479085
340.181855037
346.512651726
359.950157628
343.395366663
349.930219247
349.484216751
362.323389963
348.92593254
347.860088941
337.083260478
339.075503341
346.182420214
354.280433846
337.413458611
347.723746943
339.250460449
348.938004261
344.917412085
337.520958349
341.407090546
341.074932139
342.66200969
352.35997879
359.343374332
357.147814077
343.161454497
343.09020486
367.660939949
336.431239452
336.410397904
359.628446204
358.908842867
344.381743395
339.23945496
336.117214802
332.58637503
345.95483773
335.9166676
334.597156397
337.337094453
351.090707782
343.40354826
372.560863624
356.134415732
348.403722407
345.555614167
335.302927726
339.436571758
344.193422985
332.987315215
332.12108397
336.335954642
349.22206374
335.308827293
340.583872425
329.556924413
339.670188929
333.34705662
328.974519083
345.683366479
347.384504013
342.339100365
344.009366638
336.843867228
332.42017701
356.653650395
336.401366728
352.223602588
330.731791459
339.351612835
334.931972787
339.816751541
340.506758626
347.193288135
343.353825985
340.223172804
337.524490361
347.130844999
332.862263064
343.748490416
332.61618183
328.918807572
349.752551372
338.777697089
339.827613341
347.126643839
327.390435016
329.779275021
350.985592145
326.362687319
336.639199949
352.077391172
342.318810957
342.502910484
365.369594914
344.529418084
332.626081843
341.008193936
331.720346275
341.288585964
329.172393282
321.292059301
330.368841055
331.73076146
335.011572466
336.569558323
328.543704833
330.645464051
329.092161972
343.902904104
333.66188395
610.862062588
562.238987494
543.349934433
528.946852069
525.284414292
605.252807521
552.649138288
545.170215578
535.261080907
530.535911849
607.647304303
563.348995712
547.183241978
527.846732045
523.808449494
519.323944845
516.968202305
513.384855184
512.405292159
509.303496842
502.117514267
500.863096354
492.565489422
496.677418124
481.222747619
481.431231401
480.868987701
479.780934546
467.252614776
474.232297316
463.765334243
463.761317382
463.842819351
462.983151548
458.322032796
463.882537946
451.399903574
457.455433078
448.21666502
447.624591716
451.539465906
452.333445737
453.93948741
451.139150956
454.321663834
443.860849446
450.718620641
443.459661542
443.51148326
453.273228108
441.407477254
446.245789147
435.669059506
441.651033843
432.503945527
435.248383678
433.264593432
441.077473391
427.348715281
422.061117456
423.363969876
427.979340907
434.666043984
427.46558694
426.716942821
430.757389436
419.339844137
418.083691763
427.750761653
426.906290496
425.789206793
426.095505743
425.028413565
421.644757465
427.671439664
437.04025192
426.149361901
429.11026473
430.56722522
429.067831601
423.586944614
421.524159631
419.837647924
422.434276934
417.884914712
422.036354225
426.175770772
406.70117516
431.208099824
423.59247547
423.863597744
412.99957026
419.640196353
407.179834316
416.365433834
423.557031595
420.925466761
407.514496799
415.867824781
415.126815797
401.783411476
411.086649925
416.603710975
410.107300644
407.405013523
402.198812161
407.549453345
408.228824248
412.644464667
412.749711519
407.484891021
390.501308462
400.679529512
402.496513714
405.786411772
408.637043145
400.814412839
401.930284958
400.309800312
395.473573196
399.220806959
408.955838917
406.545602006
402.567051698
402.940658884
400.000323815
396.140560494
399.811130002
399.608230138
390.444309272
388.706437272
400.461905988
401.677813614
389.755667145
400.324508456
394.382042508
385.550905005
388.339090396
387.728755169
383.333523255
387.802856452
396.829877669
385.857070465
395.177164444
385.671474511
390.411277143
396.349420757
392.983520734
380.861388863
392.964117416
396.693310703
391.842557394
391.515533522
380.058056146
384.035372599
387.807022514
383.254125258
389.038197123
380.2747972
381.5169627
382.169567463
387.817709539
379.133953242
386.988329844
374.603963874
383.356366107
388.343254895
370.979867274
383.921529937
384.35111134
377.546442275
375.875236329
384.728828209
390.352490452
399.589362282
375.009061116
376.54808323
389.538879642
384.761790435
391.601272383
396.769932963
382.867039518
377.477539497
379.387866518
378.487742117
381.374440302
381.746757017
371.357425613
389.112614275
374.193314306
374.686563337
382.402507845
380.131129076
374.426225542
375.197534671
384.50405725
379.591957949
374.53971713
382.79999364
365.201628668
367.041969526
372.724644562
383.157307063
370.214508456
372.011369838
386.575863703
374.537529587
369.954923497
362.299960966
378.27242656
369.196534569
372.436005273
375.712974031
375.149334367
371.687644565
370.917941761
360.173089562
361.943999033
369.788606316
368.356119694
368.776716964
373.073952058
364.56689335
370.344134564
370.530766926
377.298647407
373.51442104
359.659292277
376.341293166
379.165134506
370.344402522
370.341588168
368.837523132
369.450029089
364.776082875
378.122750511
379.354143911
361.684912756
366.249394856
361.38102448
367.725099875
366.262259077
367.691190681
377.535412437
358.548561023
359.886321327
362.589508047
366.691155478
365.687686516
373.389758161
369.244703494
369.240012028
358.443455653
356.787836685
382.74348033
356.918523317
381.566008704
367.980545466
367.949359639
371.788688747
364.709969019
356.763686516
368.236952769
372.377033591
359.52219863
373.054459313
360.462999625
370.34901617
367.993163827
361.661417293
369.539816328
364.71436135
360.921456336
360.977656535
366.723513041
368.628408708
360.907675922
362.138273694
376.038787335
380.190869766
367.824129935
378.434040657
361.402870104
367.785936525
357.645256814
369.208690513
359.874960388
359.927932263
365.419846504
366.134483106
376.243304352
362.029707289
359.753460493
369.381678347
375.29647136
355.129469725
355.745161502
363.932207273
367.102564026
367.630898449
357.679149356
380.328675345
362.464994553
357.028620676
366.580337765
360.257153989
362.53962715
363.925099989
357.694066771
350.777866652
362.410429916
349.180312984
353.951357544
369.628021524
352.560635579
352.900529099
355.251994526
353.468179625
346.783140466
349.247273412
347.274562564
363.236174219
355.232189357
360.072222669
370.23484108
340.717840576
356.593690342
367.690855328
353.890880133
354.862238773
349.396754772
352.973284009
347.646999081
353.901516325
363.58185461
357.752402783
357.556210092
363.592247212
358.471948495
369.106983803
354.805150836
357.075659348
354.047883399
349.106666732
355.280645574
361.205062574
348.606741366
357.830630486
372.773305374
363.351055987
371.475952565
366.250940771
351.026180187
363.391128857
359.765973536
348.139783621
344.45325497
347.281389848
348.607491663
354.46696144
337.47527685
356.300954327
354.122650019
339.604251853
343.458032951
353.937073279
341.548251773
344.03780258
352.920550621
348.297400749
368.021979317
359.084166218
343.038032736
366.549037362
340.140397309
354.938674937
359.00520348
357.060885151
345.612470981
346.983837194
356.502980058
352.515039886
349.03868046
343.939252721
343.212015937
349.990406336
358.031662888
360.601856384
359.075840408
353.430051047
342.420930549
352.794910384
354.727930233
349.684357402
343.886423926
350.335162136
363.444820244
362.707743094
340.645517855
343.934936232
333.814719797
341.823171382
350.535705353
353.504926369
340.595019724
345.937724714
343.908071935
349.600525005
356.769485859
366.535777618
358.623702584
359.810099738
339.529020296
341.688334189
348.0058735
351.775866617
346.456645853
345.62012028
342.707939635
343.152756461
335.655370595
338.132367819
346.221858632
335.828154914
345.770057523
352.942140253
338.442580675
345.339739987
350.072796363
335.424453595
339.527064736
348.681060793
343.802588816
346.890543121
341.601278523
342.413862355
333.720065537
341.96097636
337.97746223
332.521909938
343.778834188
356.834050132
343.625553482
347.256464372
357.343727738
339.403166863
339.140283605
347.39458522
358.434171779
349.059573862
335.044836833
337.058803824
345.034196669
353.870628074
354.054896021
340.932958939
339.278879857
340.958538545
336.317853698
338.073574589
340.234134028
343.265568927
329.494974994
342.141664042
338.151725379
349.476736039
343.171833705
332.01310494
345.658331678
330.097015242
349.470134361
326.187893142
342.519965952
339.749281723
342.256254559
336.028717631
326.424103073
332.620053276
328.525984582
331.343944547
344.952041566
354.095302595
338.710999363
339.484639177
331.591774805
338.568089667
331.447451371
325.544879885
324.471251027
335.595230663
323.284968433
338.520225012
332.769124177
332.148458959
365.810397973
334.118399669
340.441341925
349.006538445
346.233900917
342.997555828
334.85448909
334.897962272
328.401515709
316.999377672
353.985776006
335.172381241
335.418055647
355.28718553
334.494122196
323.72131445
605.018803509
610.380131811
611.42594066
558.496963385
608.347476787
